3.045920748470865372e-02
3.562717764315125046e-02
4.866517198128100796e-02
6.453852113757116427e-02
6.988612746416648924e-02
7.796154146971170928e-02
8.338160893905099957e-02
9.431067947124120721e-02
1.081421586197031659e-01
1.165338162559516055e-01
1.249964901746852403e-01
1.249964901746852403e-01
1.278333715098849965e-01
1.278333715098849965e-01
1.392620673335075998e-01
1.450257720502577952e-01
1.537340999420419296e-01
1.566538100453767901e-01
1.684186516249632504e-01
1.833220571275381849e-01
1.833220571275381849e-01
1.923718926474561053e-01
1.954067963426100452e-01
2.045671657412743705e-01
2.138122238853255308e-01
2.231435513142097649e-01
2.262734443231375070e-01
2.294131643278051191e-01
2.388919082823488804e-01
2.516716349287478893e-01
2.548922496287900352e-01
2.646167995207849288e-01
2.843542823591063140e-01
3.044891907681621102e-01
3.112919380909147660e-01
3.181412799364894961e-01
3.285040669720360462e-01
3.319823313483608040e-01
3.319823313483608040e-01
3.424903089467760120e-01
3.566749439387323917e-01
3.674470409206435639e-01
3.783364407199117374e-01
3.856624808119847314e-01
3.930425881096071827e-01
3.967531675061429786e-01
4.004775665971253562e-01
4.079682383262828727e-01
4.155154439616659534e-01
4.193105149302175372e-01
4.231200433468850775e-01
4.385049621863644775e-01
4.462871026284195297e-01
4.580750583804615861e-01
4.620354595965586175e-01
4.620354595965586175e-01
4.660116079761981722e-01
4.820762104800049297e-01
4.902063365632549075e-01
4.984031037674336861e-01
5.025268209512956386e-01
5.108256237659907217e-01
5.150009951764713545e-01
5.276327420823717640e-01
5.276327420823717640e-01
5.361434317502806746e-01
5.490468365861884692e-01
5.490468365861884692e-01
5.490468365861884692e-01
5.577425435537424203e-01
5.753641449035618027e-01
5.798184952529420455e-01
5.887871652357026253e-01
5.978370007556204069e-01
6.115671935675224269e-01
6.161861394238168366e-01
6.348782724359693930e-01
6.491302951431711099e-01
6.539264674066639360e-01
6.684545679695739206e-01
6.782585680661945560e-01
6.931471805599452862e-01
7.082608183699934390e-01
7.082608183699934390e-01
7.133498878774647833e-01
7.133498878774647833e-01
7.236063880446539365e-01
7.236063880446539365e-01
7.236063880446539365e-01
7.236063880446539365e-01
7.287743582030963285e-01
7.287743582030963285e-01
7.391911190613521532e-01
7.497175320483395744e-01
7.603559302533952069e-01
7.657178733947809235e-01
7.819783942665609056e-01
7.874578600311866738e-01
7.985076962177716231e-01
7.985076962177716231e-01
